{
  "keyframes": [
    {
      "matrix": "[0.8528310452272919,0.5221869476504797,0,0,-0.2013325202714016,0.32881446859953245,0.9226842696831743,0,0.4818136824309688,-0.7868937901286821,0.3855564011648974,0,1.4063482641913332,-2.2968353872120786,1.125386420722491,1]",
      "fov": 50,
      "aspect": 1,
      "properties": "[[\"FOV\",50],[\"NAME\",\"Camera 0\"],[\"TIME\",0]]"
    },
    {
      "matrix": "[0.9669948270988604,-0.2547960053926375,-5.551115123125783e-17,0,0.1076244738859868,0.4084534581168626,0.9064120173371164,0,-0.23095016125737933,-0.8764957319852342,0.4223946671382809,0,-0.6741119446012384,-2.558371204879914,1.232912282474889,1]",
      "fov": 50,
      "aspect": 1,
      "properties": "[[\"FOV\",50],[\"NAME\",\"Camera 1\"],[\"TIME\",0.16666666666666669]]"
    },
    {
      "matrix": "[0.34236938363265,-0.9395654342040258,-2.220446049250313e-16,0,0.3868997153628198,0.14098285468391547,0.9112806620011988,0,-0.8562078108748883,-0.31199459856570394,0.4117858121191853,0,-2.499153536976357,-0.9106695764971638,1.2019464851445063,1]",
      "fov": 50,
      "aspect": 1,
      "properties": "[[\"FOV\",50],[\"NAME\",\"Camera 2\"],[\"TIME\",0.33333333333333337]]"
    },
    {
      "matrix": "[-0.3473299124278692,-0.9377429988716784,0,0,0.36892737353814603,-0.13664672783207088,0.9193586160073954,0,-0.8621221056132908,0.31932074758765566,0.3934205576389809,0,-2.5164165546999335,0.932053603842016,1.1483408182623311,1]",
      "fov": 50,
      "aspect": 1,
      "properties": "[[\"FOV\",50],[\"NAME\",\"Camera 3\"],[\"TIME\",0.5000000000000001]]"
    },
    {
      "matrix": "[-0.8640816490495791,-0.5033516700834118,5.5511151231257815e-17,0,0.32115082758264435,-0.5513054851795028,0.7700158491576492,0,-0.38758876366419925,0.6653565647344535,0.6380247581763769,0,-1.1313186089880427,1.942084843173105,1.8623070367060361,1]",
      "fov": 50,
      "aspect": 1,
      "properties": "[[\"FOV\",50],[\"NAME\",\"Camera 4\"],[\"TIME\",0.6666666666666667]]"
    },
    {
      "matrix": "[-0.9591059947393259,0.2830471530595021,2.775557561562892e-17,0,-0.13178051021400194,-0.4465385924919947,0.8850068827658947,0,0.250498678604951,0.8488154066463328,0.4655779391863344,0,0.7311713940144644,2.477576119742006,1.3589583494534487,1]",
      "fov": 50,
      "aspect": 1,
      "properties": "[[\"FOV\",50],[\"NAME\",\"Camera 5\"],[\"TIME\",0.8333333333333334]]"
    },
    {
      "matrix": "[-0.18808952033908852,0.9821518886295612,5.551115123125785e-16,0,-0.2771861464055145,-0.053083244990550074,0.9593487422945504,0,0.9422261790989857,0.18044344477608876,0.28222329928243994,0,2.750229393166592,0.526689744602496,0.8237712242990871,1]",
      "fov": 50,
      "aspect": 1,
      "properties": "[[\"FOV\",50],[\"NAME\",\"Camera 6\"],[\"TIME\",1]]"
    }
  ],
  "camera_type": "perspective",
  "render_height": 1080,
  "render_width": 1920,
  "camera_path": [
    {
      "camera_to_world": [
        0.8528310452272919,
        -0.2013325202714016,
        0.4818136824309688,
        1.4063482641913332,
        0.5221869476504797,
        0.3288144685995325,
        -0.7868937901286821,
        -2.2968353872120786,
        2.7755575615628914e-17,
        0.9226842696831743,
        0.38555640116489737,
        1.125386420722491,
        0,
        0,
        0,
        1
      ],
      "fov": 50,
      "aspect": 1
    },
    {
      "camera_to_world": [
        0.8566005116835865,
        -0.19940857712315255,
        0.47589051551080275,
        1.3855310188818948,
        0.5159801150618981,
        0.33156535943138093,
        -0.789828420155827,
        -2.2995452526423366,
        -0.0002902483906235265,
        0.9221174717978501,
        0.38690991711380684,
        1.1264685346771397,
        0,
        0,
        0,
        1
      ],
      "fov": 50,
      "aspect": 1
    },
    {
      "camera_to_world": [
        0.8603698955400334,
        -0.1974142513768943,
        0.46988430086749283,
        1.364688997966664,
        0.5096698023540224,
        0.3343007580859345,
        -0.7927671131622333,
        -2.3024403141048615,
        -0.000579151831538255,
        0.9215587970913575,
        0.3882383907944784,
        1.1275640823227193,
        0,
        0,
        0,
        1
      ],
      "fov": 50,
      "aspect": 1
    },
    {
      "camera_to_world": [
        0.8641359877835006,
        -0.19535024755052577,
        0.4637965883869588,
        1.3438229677014897,
        0.5032576318567802,
        0.33701846081058673,
        -0.7957074293047467,
        -2.3055148438873148,
        -0.0008663690548993408,
        0.9210085981438021,
        0.3895412834987446,
        1.1286726481842528,
        0,
        0,
        0,
        1
      ],
      "fov": 50,
      "aspect": 1
    },
    {
      "camera_to_world": [
        0.8678955888424147,
        -0.19321736479320972,
        0.4576289947219756,
        1.3229336943422216,
        0.496745327882617,
        0.3397162772210843,
        -0.7986469371492254,
        -2.3087631142773586,
        -0.00115156183923526,
        0.9204672188260781,
        0.3908180816849642,
        1.1297938167867625,
        0,
        0,
        0,
        1
      ],
      "fov": 50,
      "aspect": 1
    },
    {
      "camera_to_world": [
        0.8716455147307992,
        -0.1910164963935112,
        0.4513832016759465,
        1.3020219441447092,
        0.49013471531720315,
        0.34239203578265404,
        -0.8015832175598078,
        -2.3121793975626557,
        -0.0014343955538074773,
        0.9199349933218963,
        0.39206829835022083,
        1.1309271726552719,
        0,
        0,
        0,
        1
      ],
      "fov": 50,
      "aspect": 1
    },
    {
      "camera_to_world": [
        0.8753826031960177,
        -0.18874862892125166,
        0.4450609543670522,
        1.2810884833648006,
        0.48342771783935823,
        0.34504358930464,
        -0.8045138675650039,
        -2.3157579660308665,
        -0.0017145397031283487,
        0.9194122451654201,
        0.39329147434630185,
        1.1320723003148028,
        0,
        0,
        0,
        1
      ],
      "fov": 50,
      "aspect": 1
    },
    {
      "camera_to_world": [
        0.8791037198431039,
        -0.18641484100015948,
        0.438664059176157,
        1.260134078258346,
        0.4766263557701411,
        0.34766882042153074,
        -0.8074365041859181,
        -2.3194930919696533,
        -0.001991668469552538,
        0.9188992862994217,
        0.3944871796334079,
        1.133228784290379,
        0,
        0,
        0,
        1
      ],
      "fov": 50,
      "aspect": 1
    },
    {
      "camera_to_world": [
        0.88280576420813,
        -0.18401630171085123,
        0.43219438148310146,
        1.2391594950811944,
        0.46973274355341277,
        0.35026564703275936,
        -0.8103487682118768,
        -2.3233790476666782,
        -0.0022654612518083765,
        0.9183964161588302,
        0.3956550144658009,
        1.1343962091070225,
        0,
        0,
        0,
        1
      ],
      "fov": 50,
      "aspect": 1
    },
    {
      "camera_to_world": [
        0.8864856757528647,
        -0.18155426862619353,
        0.4256538431972567,
        1.218165500089195,
        0.46274908687258653,
        0.3528320276733992,
        -0.8132483279088036,
        -2.3274101054096032,
        -0.0025356031973055304,
        0.9179039207844608,
        0.3967946105038981,
        1.1355741592897564,
        0,
        0,
        0,
        1
      ],
      "fov": 50,
      "aspect": 1
    },
    {
      "camera_to_world": [
        0.8901404397529887,
        -0.17903008548363455,
        0.4190444200894204,
        1.1971528595381975,
        0.45567767941067905,
        0.355365966787853,
        -0.8161328826458549,
        -2.3315805374860896,
        -0.002801785726039591,
        0.9174220719715965,
        0.3979056318476634,
        1.1367622193636033,
        0,
        0,
        0,
        1
      ],
      "fov": 50,
      "aspect": 1
    },
    {
      "camera_to_world": [
        0.8937670930523784,
        -0.1764451795016454,
        0.41236813893332447,
        1.1761223396840503,
        0.44852089926317873,
        0.3578655198788553,
        -0.8190001664261041,
        -2.3358846161838,
        -0.003063707043918785,
        0.916951126457931,
        0.39898777598653357,
        1.1379599738535862,
        0,
        0,
        0,
        1
      ],
      "fov": 50,
      "aspect": 1
    },
    {
      "camera_to_world": [
        0.8973627296564515,
        -0.17380105834993156,
        0.40562707446614843,
        1.1550747067826037,
        0.4412812050156002,
        0.3603287985045733,
        -0.8218479513074366,
        -2.3403166137903955,
        -0.0033210726433568205,
        0.9164913251551781,
        0.4000407746615378,
        1.1391670072847273,
        0,
        0,
        0,
        1
      ],
      "fov": 50,
      "aspect": 1
    },
    {
      "camera_to_world": [
        0.9009245061382645,
        -0.17109930678554666,
        0.39882334617851783,
        1.134010727089706,
        0.43396113149988597,
        0.36275397509730495,
        -0.824674050700301,
        -2.3448708025935385,
        -0.0035735957890156165,
        0.916042892428411,
        0.4010643946357336,
        1.14038290418205,
        0,
        0,
        0,
        1
      ],
      "fov": 50,
      "aspect": 1
    },
    {
      "camera_to_world": [
        0.9044496468319894,
        -0.16834158296942953,
        0.39195911494547037,
        1.1129311668612067,
        0.4265632852460183,
        0.36513928757822695,
        -0.8274763225295264,
        -2.34954145488089,
        -0.0038209979866387087,
        0.915606035426925,
        0.4020584383695665,
        1.1416072490705766,
        0,
        0,
        0,
        1
      ],
      "fov": 50,
      "aspect": 1
    },
    {
      "camera_to_world": [
        0.9079354487895407,
        -0.16552961448016917,
        0.3850365795108073,
        1.0918367923529553,
        0.4190903396472927,
        0.3674830437438288,
        -0.8302526722480862,
        -2.3543228429401126,
        -0.004063009432988236,
        0.9151809434700974,
        0.4030227445982791,
        1.1428396264753298,
        0,
        0,
        0,
        1
      ],
      "fov": 50,
      "aspect": 1
    },
    {
      "camera_to_world": [
        0.9113792864774763,
        -0.16266519404395158,
        0.37805797283809484,
        1.0707283698208014,
        0.4115450298596515,
        0.3697836254010835,
        -0.8330010556914378,
        -2.3592092390588677,
        -0.004299369444990818,
        0.9147677874913801,
        0.40395718880903797,
        1.1440796209213329,
        0,
        0,
        0,
        1
      ],
      "fov": 50,
      "aspect": 1
    },
    {
      "camera_to_world": [
        0.9147786161928506,
        -0.1597501750016308,
        0.37102555834233536,
        1.0496066655205933,
        0.40393014745727346,
        0.3720394922300154,
        -0.8357194817618995,
        -2.364194915524818,
        -0.004529826866304765,
        0.9143667195431932,
        0.40486168361599834,
        1.145326816933608,
        0,
        0,
        0,
        1
      ],
      "fov": 50,
      "aspect": 1
    },
    {
      "camera_to_world": [
        0.9181309801784138,
        -0.15678646653568126,
        0.36394162601697705,
        1.028472445708181,
        0.39624853486821965,
        0.37424918535414115,
        -0.8384060149334277,
        -2.3692741446256247,
        -0.004754140449641426,
        0.9139778723650904,
        0.4057361790320991,
        1.1465807990371784,
        0,
        0,
        0,
        1
      ],
      "fov": 50,
      "aspect": 1
    },
    {
      "camera_to_world": [
        0.9214340104194517,
        -0.15377602868139434,
        0.3568084884714838,
        1.0073264766394134,
        0.3885030796153649,
        0.37641133060123355,
        -0.8410587775681235,
        -2.37444119864895,
        -0.004972079213311886,
        0.9136013590171526,
        0.40658066263695897,
        1.1478411517570664,
        0,
        0,
        0,
        1
      ],
      "fov": 50,
      "aspect": 1
    },
    {
      "camera_to_world": [
        0.9246854321065804,
        -0.15072086714807542,
        0.34962847689511684,
        0.9861695245701396,
        0.38069670838903785,
        0.3785246414389934,
        -0.8436759520368193,
        -2.379690349882455,
        -0.005183422770617979,
        0.9132372725801405,
        0.40739515964081774,
        1.149107459618295,
        0,
        0,
        0,
        1
      ],
      "fov": 50,
      "aspect": 1
    },
    {
      "camera_to_world": [
        0.9278830667509552,
        -0.14762302797715549,
        0.34240393696290716,
        0.9650023557562094,
        0.372832380978781,
        0.38058792157246374,
        -0.8462557826371676,
        -2.385015870613802,
        -0.005387961630865524,
        0.9128856859234941,
        0.4081797328450496,
        1.1503793071458872,
        0,
        0,
        0,
        1
      ],
      "fov": 50,
      "aspect": 1
    },
    {
      "camera_to_world": [
        0.931024834940603,
        -0.14448459206504716,
        0.33513722470000235,
        0.9438257364534718,
        0.36491308409239726,
        0.3826000671923828,
        -0.848796577303749,
        -2.3904120331306533,
        -0.0055854974709491495,
        0.9125466515418162,
        0.4089344825003401,
        1.1516562788648652,
        0,
        0,
        0,
        1
      ],
      "fov": 50,
      "aspect": 1
    },
    {
      "camera_to_world": [
        0.9341087587288927,
        -0.14130766957923463,
        0.32783070232065437,
        0.9226404329177758,
        0.35694182509094713,
        0.3845600688660973,
        -0.8512967091058478,
        -2.3958731097206702,
        -0.005775843376632936,
        0.9122202014600359,
        0.40965954606416805,
        1.152937959300252,
        0,
        0,
        0,
        1
      ],
      "fov": 50,
      "aspect": 1
    },
    {
      "camera_to_world": [
        0.93713296364852,
        -0.13809439429649603,
        0.3204867340580979,
        0.9014472114049707,
        0.3489216256686442,
        0.38646701306513537,
        -0.8537546175296875,
        -2.401393372671514,
        -0.0059588240528346565,
        0.9119063472069905,
        0.4103550978597817,
        1.1542239329770705,
        0,
        0,
        0,
        1
      ],
      "fov": 50,
      "aspect": 1
    },
    {
      "camera_to_world": [
        0.9400956803467653,
        -0.13484691789230108,
        0.313107682001416,
        0.8802468381709063,
        0.3408555155066133,
        0.3883200833260341,
        -0.8561688095430614,
        -2.406967094270848,
        -0.006134276002408887,
        0.9116050798567377,
        0.4110213486393589,
        1.1555137844203434,
        0,
        0,
        0,
        1
      ],
      "fov": 50,
      "aspect": 1
    },
    {
      "camera_to_world": [
        0.9429952458401532,
        -0.1315674042103216,
        0.30569590195523927,
        0.8590400794714314,
        0.3327465259292654,
        0.39011856104349985,
        -0.8585378604414333,
        -2.412588546806333,
        -0.006302047673110031,
        0.9113163701364675,
        0.4116585450545378,
        1.1568070981550933,
        0,
        0,
        0,
        1
      ],
      "fov": 50,
      "aspect": 1
    },
    {
      "camera_to_world": [
        0.9458301043889918,
        -0.1282580235406327,
        0.2982537393377651,
        0.8378277015623952,
        0.3245976835916003,
        0.39186182589743257,
        -0.8608604144757137,
        -2.4182520025656316,
        -0.006461999572608637,
        0.9110401685994866,
        0.41226696903795584,
        1.1581034587063428,
        0,
        0,
        0,
        1
      ],
      "fov": 50,
      "aspect": 1
    },
    {
      "camera_to_world": [
        0.9485988079945639,
        -0.124920946934586,
        0.2907835251321149,
        0.816610470699647,
        0.31641200422507637,
        0.39354935591773543,
        -0.8631351852630073,
        -2.423951733836404,
        -0.006614004351618271,
        0.9107764058613409,
        0.4128469370998588,
        1.1594024505991147,
        0,
        0,
        0,
        1
      ],
      "fov": 50,
      "aspect": 1
    },
    {
      "camera_to_world": [
        0.9513000165239557,
        -0.12155834058350552,
        0.28328757190548637,
        0.7953891531390362,
        0.3081924864688002,
        0.3951807271931301,
        -0.865360955982697,
        -2.429682012906314,
        -0.006757946855373606,
        0.9105249928967867,
        0.4133987995442252,
        1.1607036583584325,
        0,
        0,
        0,
        1
      ],
      "fov": 50,
      "aspect": 1
    },
    {
      "camera_to_world": [
        0.9539324974696386,
        -0.11817236028731662,
        0.275768169909913,
        0.774164515136412,
        0.29994210581171504,
        0.3967556132323981,
        -0.8675365793612497,
        -2.4354371120630223,
        -0.006893724143879841,
        0.9102858213949663,
        0.413922939609198,
        1.162006666509318,
        0,
        0,
        0,
        1
      ],
      "fov": 50,
      "aspect": 1
    },
    {
      "camera_to_world": [
        0.9564951253529125,
        -0.11476514603797673,
        0.2682275832777054,
        0.7529373229476237,
        0.29166380867019603,
        0.39827378398853286,
        -0.8696609774500929,
        -2.441211303594192,
        -0.007021245481521554,
        0.9100587641698404,
        0.4144197725369181,
        1.1633110595767944,
        0,
        0,
        0,
        1
      ],
      "fov": 50,
      "aspect": 1
    },
    {
      "camera_to_world": [
        0.9589868807822066,
        -0.1113388167411563,
        0.2606680463238506,
        0.7317083428285203,
        0.28336050662403356,
        0.3997351045582031,
        -0.8717331412018321,
        -2.446998859787483,
        -0.0071404322967836414,
        0.9098436756226433,
        0.41488974457811484,
        1.1646164220858846,
        0,
        0,
        0,
        1
      ],
      "fov": 50,
      "aspect": 1
    },
    {
      "camera_to_world": [
        0.9614068491789508,
        -0.10789546509804253,
        0.2530917599667748,
        0.7104783410349513,
        0.27503507083221296,
        0.4011395335706887,
        -0.8737521298509148,
        -2.452794052930559,
        -0.007251218112987056,
        0.9096403922528767,
        0.4153333319370244,
        1.1659223385616109,
        0,
        0,
        0,
        1
      ],
      "fov": 50,
      "aspect": 1
    },
    {
      "camera_to_world": [
        0.9637542191852948,
        -0.10443715266742253,
        0.24550088827795402,
        0.6892480838227659,
        0.26669032664819425,
        0.40248712128202724,
        -0.8757170701056285,
        -2.45859115531108,
        -0.007353548451084824,
        0.9094487332141534,
        0.41575103966237936,
        1.1672283935289964,
        0,
        0,
        0,
        1
      ],
      "fov": 50,
      "aspect": 1
    },
    {
      "camera_to_world": [
        0.9660282807693565,
        -0.10096590512637521,
        0.23789755516989444,
        0.6680183374478132,
        0.25832904845259974,
        0.4037780073914998,
        -0.8776271551590257,
        -2.4643844392167105,
        -0.007447380705692603,
        0.9092685009110136,
        0.41614340049033904,
        1.1685341715130637,
        0,
        0,
        0,
        1
      ],
      "fov": 50,
      "aspect": 1
    },
    {
      "camera_to_world": [
        0.9682284230448891,
        -0.09748370774598286,
        0.23028384123099763,
        0.646789868165943,
        0.24995395471932286,
        0.405012418598787,
        -0.8794816435269879,
        -2.470168176935109,
        -0.007532683995643857,
        0.9090994816327072,
        0.4165109736453111,
        1.1698392570388356,
        0,
        0,
        0,
        1
      ],
      "fov": 50,
      "aspect": 1
    },
    {
      "camera_to_world": [
        0.970354131823294,
        -0.09399250109648935,
        0.2226617807148049,
        0.6255634422330036,
        0.24156770332913263,
        0.40619066592112457,
        -0.881279857722189,
        -2.47593664075394,
        -0.007609438990463194,
        0.908941446219821,
        0.4168543436046584,
        1.1711432346313349,
        0,
        0,
        0,
        1
      ],
      "fov": 50,
      "aspect": 1
    },
    {
      "camera_to_world": [
        0.9724049869167635,
        -0.0904941769943019,
        0.21503335869007237,
        0.6043398259048451,
        0.23317288714286277,
        0.4073131417905846,
        -0.8830211827731796,
        -2.4816841029608643,
        -0.007677637714241167,
        0.9087941507595695,
        0.4171741188332778,
        1.172445688815584,
        0,
        0,
        0,
        1
      ],
      "fov": 50,
      "aspect": 1
    },
    {
      "camera_to_world": [
        0.974380659211985,
        -0.08699057470118493,
        0.20740050835707943,
        0.5831197854373167,
        0.2247720298442678,
        0.4083803169522081,
        -0.884705064598198,
        -2.4874048358435443,
        -0.0077372833284669994,
        0.9086573373055278,
        0.4174709304939967,
        1.1737462041166058,
        0,
        0,
        0,
        1
      ],
      "fov": 50,
      "aspect": 1
    },
    {
      "camera_to_world": [
        0.9762809075343382,
        -0.08348347738394611,
        0.1997651085345321,
        0.5619040870862668,
        0.2163675820606356,
        0.40939273718411595,
        -0.8863310082436083,
        -2.493093111689641,
        -0.007788389895438676,
        0.908530734617592,
        0.4177454311396536,
        1.1750443650594238,
        0,
        0,
        0,
        1
      ],
      "fov": 50,
      "aspect": 1
    },
    {
      "camera_to_world": [
        0.9781055753227956,
        -0.0799746088408882,
        0.19212898132038836,
        0.5406934971075458,
        0.2079619177672637,
        0.41035101986092976,
        -0.887898575997088,
        -2.498743202786817,
        -0.007830982123914143,
        0.9084140589179814,
        0.41799829339260847,
        1.1763397561690596,
        0,
        0,
        0,
        1
      ],
      "fov": 50,
      "aspect": 1
    },
    {
      "camera_to_world": [
        0.9798545871358867,
        -0.07646563049931239,
        0.18449388992891838,
        0.5194887817570021,
        0.19955733097997075,
        0.41125585038186274,
        -0.8894073853858203,
        -2.504349381422733,
        -0.007865095098703439,
        0.908307014659159,
        0.4182302086172814,
        1.177631961970537,
        0,
        0,
        0,
        1
      ],
      "fov": 50,
      "aspect": 1
    },
    {
      "camera_to_world": [
        0.9815279450090254,
        -0.0729581386864352,
        0.17686153670533,
        0.4982907072904851,
        0.19115603273793189,
        0.41210797848468267,
        -0.8908571070700189,
        -2.5099059198850524,
        -0.00789077399591716,
        0.9082092952996458,
        0.41844188559113693,
        1.178920566988878,
        0,
        0,
        0,
        1
      ],
      "fov": 50,
      "aspect": 1
    },
    {
      "camera_to_world": [
        0.9831257246833195,
        -0.06945366217422536,
        0.16923356131833417,
        0.4771000399638445,
        0.18276014837731816,
        0.41290821446643744,
        -0.8922474626420853,
        -2.5154070904614363,
        -0.00790807378559656,
        0.9081205840838138,
        0.4186340491793214,
        1.1802051557491056,
        0,
        0,
        0,
        1
      ],
      "fov": 50,
      "aspect": 1
    },
    {
      "camera_to_world": [
        0.984648071725634,
        -0.06595365999690232,
        0.1616115391301124,
        0.4559175460329292,
        0.1743717150944888,
        0.4136574253313581,
        -0.8935782223416361,
        -2.520847165439547,
        -0.00791705892344366,
        0.9080405548218895,
        0.4188074390179308,
        1.1814853127762426,
        0,
        0,
        0,
        1
      ],
      "fov": 50,
      "aspect": 1
    },
    {
      "camera_to_world": [
        0.9860951975591981,
        -0.06245951953817941,
        0.15399697974228554,
        0.4347439917535887,
        0.16599267979586077,
        0.4143565308857496,
        -0.8948492026964744,
        -2.526220417107045,
        -0.007917803033351779,
        0.9079688726665617,
        0.4189628082106315,
        1.1827606225953116,
        0,
        0,
        0,
        1
      ],
      "fov": 50,
      "aspect": 1
    },
    {
      "camera_to_world": [
        0.987467375423458,
        -0.05897255488377519,
        0.14639132571565808,
        0.41358014338167165,
        0.15762489723004752,
        0.41500649979893867,
        -0.8960602640993799,
        -2.5315211177515935,
        -0.007910388582410848,
        0.9079051948827662,
        0.4191009220430821,
        1.1840306697313354,
        0,
        0,
        0,
        1
      ],
      "fov": 50,
      "aspect": 1
    },
    {
      "camera_to_world": [
        0.9887649362811537,
        -0.05549400543328961,
        0.1387959514607556,
        0.39242676717302777,
        0.14927012839645046,
        0.4156083456485085,
        -0.897211308330327,
        -2.536743539660854,
        -0.007894906550023277,
        0.9078491716074207,
        0.4192225567193236,
        1.185295038709337,
        0,
        0,
        0,
        1
      ],
      "fov": 50,
      "aspect": 1
    },
    {
      "camera_to_world": [
        0.9899882646898048,
        -0.05202503476422832,
        0.13121216229545835,
        0.3712846293835067,
        0.14093003922318778,
        0.4161631229671002,
        -0.8983022760334191,
        -2.5418819551224883,
        -0.007871456092719886,
        0.9078004465960848,
        0.41932849812399975,
        1.186553314054339,
        0,
        0,
        0,
        1
      ],
      "fov": 50,
      "aspect": 1
    },
    {
      "camera_to_world": [
        0.9911377946538917,
        -0.04856672973978215,
        0.12364119366539128,
        0.35015449626895667,
        0.13260619950607752,
        0.4166719233070383,
        -0.8993331441574741,
        -2.5469306364241575,
        -0.007840144206211997,
        0.9077586579537519,
        0.41941954061396486,
        1.1878050802913638,
        0,
        0,
        0,
        1
      ],
      "fov": 50,
      "aspect": 1
    },
    {
      "camera_to_world": [
        0.9922140054730605,
        -0.04512009985092248,
        0.1160842105221402,
        0.32903713408522767,
        0.12430008209934423,
        0.4171358713379502,
        -0.900303923368784,
        -2.551883855853525,
        -0.007801085386154207,
        0.907723438847192,
        0.41949648584252297,
        1.1890499219454347,
        0,
        0,
        0,
        1
      ],
      "fov": 50,
      "aspect": 1
    },
    {
      "camera_to_world": [
        0.9932174176006658,
        -0.04168607678245651,
        0.10854230685383418,
        0.30793330908816907,
        0.11601306234779565,
        0.41755612099139816,
        -0.9012146554441418,
        -2.556735885698252,
        -0.007754401289025466,
        0.9076944181965116,
        0.4195601416192258,
        1.1902874235415741,
        0,
        0,
        0,
        1
      ],
      "fov": 50,
      "aspect": 1
    },
    {
      "camera_to_world": [
        0.9941485885259017,
        -0.03826551419190723,
        0.10101650536217584,
        0.2868437875336299,
        0.10774641774942781,
        0.4179338516653655,
        -0.9020654106517542,
        -2.5614809982459996,
        -0.007700220394465879,
        0.9076712213438196,
        0.4196113208078345,
        1.1915171696048048,
        0,
        0,
        0,
        1
      ],
      "fov": 50,
      "aspect": 1
    },
    {
      "camera_to_world": [
        0.9950081086916698,
        -0.0348591876894297,
        0.09350775727959357,
        0.26576933567745903,
        0.09950132783674338,
        0.41827026450022625,
        -0.9028562851271712,
        -2.5661134657844302,
        -0.00763867767032924,
        0.9076534706971288,
        0.41965084026474325,
        1.19273874466015,
        0,
        0,
        0,
        1
      ],
      "fov": 50,
      "aspect": 1
    },
    {
      "camera_to_world": [
        0.9957965974592283,
        -0.03146779500644866,
        0.08601694231984647,
        0.24471071977550612,
        0.09127887426451957,
        0.41856657873660846,
        -0.9035873982508457,
        -2.570627560601206,
        -0.00756991424163443,
        0.9076407863478605,
        0.41967951981984025,
        1.1939517332326317,
        0,
        0,
        0,
        1
      ],
      "fov": 50,
      "aspect": 1
    },
    {
      "camera_to_world": [
        0.9965146991295281,
        -0.02809195634029918,
        0.07854486875513457,
        0.22366870608362033,
        0.08308004109133343,
        0.4188240281643349,
        -0.9042588900334145,
        -2.575017554983989,
        -0.007494077064518394,
        0.9076327866605387,
        0.4196981813014871,
        1.195155719847273,
        0,
        0,
        0,
        1
      ],
      "fov": 50,
      "aspect": 1
    },
    {
      "camera_to_world": [
        0.9971630790300186,
        -0.024732214861864457,
        0.07109227361253498,
        0.20264406085765113,
        0.0749057152418306,
        0.4190438576704111,
        -0.9048709185142431,
        -2.5792777212204396,
        -0.007411318606210124,
        0.9076290888334987,
        0.4197076476069865,
        1.196350289029097,
        0,
        0,
        0,
        1
      ],
      "fov": 50,
      "aspect": 1
    },
    {
      "camera_to_world": [
        0.9977424196745883,
        -0.021389037373025315,
        0.06365982298242084,
        0.18163755035344734,
        0.06675668713651331,
        0.41922731989283674,
        -0.9054236571782444,
        -2.5834023315982213,
        -0.007321796531965973,
        0.9076293094296396,
        0.41970874181963386,
        1.1975350253031258,
        0,
        0,
        0,
        1
      ],
      "fov": 50,
      "aspect": 1
    },
    {
      "camera_to_world": [
        0.9982534170031896,
        -0.018062815100661923,
        0.0562481124313987,
        0.16064994082685868,
        0.05863365147571037,
        0.4193756719858394,
        -0.9059172923954208,
        -2.587385658404995,
        -0.007225673399822104,
        0.9076330648764759,
        0.41970228637315543,
        1.1987095131943828,
        0,
        0,
        0,
        1
      ],
      "fov": 50,
      "aspect": 1
    },
    {
      "camera_to_world": [
        0.9986967767066321,
        -0.014753864613967075,
        0.04885766751223467,
        0.13968199853373373,
        0.05053720816437232,
        0.4194901725009994,
        -0.9063520208870461,
        -2.5912219739284224,
        -0.007123116363940861,
        0.9076399719349265,
        0.4196891022640823,
        1.1998733372278902,
        0,
        0,
        0,
        1
      ],
      "fov": 50,
      "aspect": 1
    },
    {
      "camera_to_world": [
        0.999073210640962,
        -0.011462428851939183,
        0.041488944363223305,
        0.11873448972992237,
        0.04246786336440703,
        0.41957207838763555,
        -0.9067280472218457,
        -2.5949055504561658,
        -0.007014296887248422,
        0.9076496481364901,
        0.4196700083123447,
        1.201026081928671,
        0,
        0,
        0,
        1
      ],
      "fov": 50,
      "aspect": 1
    },
    {
      "camera_to_world": [
        0.9993834333348364,
        -0.008188678248107806,
        0.034142330389472474,
        0.09780818067127411,
        0.03442603066141116,
        0.419622642114771,
        -0.9070455813450162,
        -2.5984306602758873,
        -0.006899390463983644,
        0.9076617121886148,
        0.4196458204701409,
        1.2021673318217478,
        0,
        0,
        0,
        1
      ],
      "fov": 50,
      "aspect": 1
    },
    {
      "camera_to_world": [
        0.9996281585923225,
        -0.004932711939804988,
        0.026818145018650614,
        0.07690383761363734,
        0.02641203233287866,
        0.4196431089159972,
        -0.907304836142387,
        -2.6017915756752483,
        -0.006778576352704246,
        0.9076757843482635,
        0.4196173511788987,
        1.2032966714321436,
        0,
        0,
        0,
        1
      ],
      "fov": 50,
      "aspect": 1
    },
    {
      "camera_to_world": [
        0.9998080961926097,
        -0.001694559049615749,
        0.019516640523842433,
        0.056022226812861474,
        0.01842610070524593,
        0.41963471415760617,
        -0.9075060250415224,
        -2.6049825689419115,
        -0.006652037320224445,
        0.9076914867638077,
        0.4195854087739453,
        1.204413685284881,
        0,
        0,
        0,
        1
      ],
      "fov": 50,
      "aspect": 1
    },
    {
      "camera_to_world": [
        0.9999239486872367,
        0.001525819972982196,
        0.012238002906299722,
        0.035164114524796466,
        0.010468379587474347,
        0.4195986808294651,
        -0.9076493596510633,
        -2.607997912363537,
        -0.006519959396890616,
        0.9077084437855487,
        0.419550796936295,
        1.2055179579049828,
        0,
        0,
        0,
        1
      ],
      "fov": 50,
      "aspect": 1
    },
    {
      "camera_to_world": [
        0.9999764082945944,
        0.004728531961355119,
        0.004982352831042211,
        0.014330267005291109,
        0.002538925769259124,
        0.4195362171572767,
        -0.9077350474391195,
        -2.6108318782277884,
        -0.006382531643536379,
        0.9077262822452884,
        0.4195143141907871,
        1.206609073817472,
        0,
        0,
        0,
        1
      ],
      "fov": 50,
      "aspect": 1
    },
    {
      "camera_to_world": [
        0.9999661538906606,
        0.007913749603926839,
        -0.0022502533915340936,
        -0.006478549489805557,
        -0.005362289427610721,
        0.4194485143340803,
        -0.9077632894510702,
        -2.613478738822326,
        -0.00623994593039853,
        0.9077446317054919,
        0.4194767534496358,
        1.2076866175473708,
        0,
        0,
        0,
        1
      ],
      "fov": 50,
      "aspect": 1
    },
    {
      "camera_to_world": [
        0.9998938480941824,
        0.011081709989474248,
        -0.009459822784666092,
        -0.02726156870464405,
        -0.013235378555753395,
        0.41933674436813484,
        -0.9077342780666705,
        -2.6159327664348133,
        -0.006092396728218236,
        0.9077631246787031,
        0.41943890160029657,
        1.2087501736197022,
        0,
        0,
        0,
        1
      ],
      "fov": 50,
      "aspect": 1
    },
    {
      "camera_to_world": [
        0.9997601344438232,
        0.01423271313558418,
        -0.016646424651226753,
        -0.048018024383375144,
        -0.021080536417066656,
        0.4192020580436522,
        -0.9076481947959436,
        -2.618188233352911,
        -0.005940080911698655,
        0.9077813968179601,
        0.4194015391364174,
        1.209799326559489,
        0,
        0,
        0,
        1
      ],
      "fov": 50,
      "aspect": 1
    },
    {
      "camera_to_world": [
        0.9995656346641342,
        0.017367120509808945,
        -0.023810189492834585,
        -0.06874715027014956,
        -0.028898038415960052,
        0.4190455829902421,
        -0.9075052081129221,
        -2.6202394118642816,
        -0.005783197575443358,
        0.907799087079055,
        0.4193654398305106,
        1.2108336608917543,
        0,
        0,
        0,
        1
      ],
      "fov": 50,
      "aspect": 1
    },
    {
      "camera_to_world": [
        0.9993109460166137,
        0.020485353552498593,
        -0.030951307907903656,
        -0.08944818010911784,
        -0.03668823890039666,
        0.41886842185636786,
        -0.9073054713259164,
        -2.6220805742565867,
        -0.0056219478624536506,
        0.9078158378555559,
        0.4193313704468662,
        1.2118527611415202,
        0,
        0,
        0,
        1
      ],
      "fov": 50,
      "aspect": 1
    },
    {
      "camera_to_world": [
        0.9989966387315518,
        0.023587892209721295,
        -0.038070029474170985,
        -0.11012034764443096,
        -0.04445156949963689,
        0.41867165058160916,
        -0.9070491204826174,
        -2.623705992817488,
        -0.00545653480522481,
        0.9078312950875693,
        0.4193000904931286,
        1.2128562118338095,
        0,
        0,
        0,
        1
      ],
      "fov": 50,
      "aspect": 1
    },
    {
      "camera_to_world": [
        0.9986232535158431,
        0.026675273484111185,
        -0.045166661620936244,
        -0.13076288662024008,
        -0.052188537467016814,
        0.4184563167620644,
        -0.9067362723079851,
        -2.6251099398346467,
        -0.005287163179443542,
        0.9078451083452918,
        0.41927235200885743,
        1.2138435974936457,
        0,
        0,
        0,
        1
      ],
      "fov": 50,
      "aspect": 1
    },
    {
      "camera_to_world": [
        0.9981912991314783,
        0.02974809001091039,
        -0.05224156849592801,
        -0.1513750307806953,
        -0.059899724035519616,
        0.4182234381028133,
        -0.9063670221725473,
        -2.626286687595726,
        -0.005114039370259117,
        0.9078569308884331,
        0.41924889938931786,
        1.2148145026460506,
        0,
        0,
        0,
        1
      ],
      "fov": 50,
      "aspect": 1
    },
    {
      "camera_to_world": [
        0.997701250038979,
        0.03280698866590429,
        -0.05929516983139642,
        -0.17195601386994716,
        -0.06758578279333619,
        0.41797400095098486,
        -0.9059414420884156,
        -2.6272305083883873,
        -0.004937371251070748,
        0.9078664197026461,
        0.41923046924266827,
        1.2157685118160477,
        0,
        0,
        0,
        1
      ],
      "fov": 50,
      "aspect": 1
    },
    {
      "camera_to_world": [
        0.9971535440996487,
        0.03585266921138511,
        -0.06632793981369539,
        -0.1925050696321475,
        -0.07524743808603411,
        0.417708958902646,
        -0.9054595787300259,
        -2.627935674500292,
        -0.0047573680747516655,
        0.9078732355141254,
        0.41921779027865075,
        1.2167052095286592,
        0,
        0,
        0,
        1
      ],
      "fov": 50,
      "aspect": 1
    },
    {
      "camera_to_world": [
        0.9965485803301314,
        0.03888588298572558,
        -0.07334040596029122,
        -0.21302143181144614,
        -0.08288548345139439,
        0.4174292314764184,
        -0.9049214514763343,
        -2.628396458219102,
        -0.004574240377208782,
        0.9078770427835627,
        0.41921158322682883,
        1.2176241803089085,
        0,
        0,
        0,
        1
      ],
      "fov": 50,
      "aspect": 1
    },
    {
      "camera_to_world": [
        0.995886716702438,
        0.04190743164160296,
        -0.08033314800779726,
        -0.23350433415199376,
        -0.0905007800924166,
        0.41713570284646845,
        -0.9043270504709272,
        -2.6286071318324797,
        -0.0043881998931609295,
