{
    "w": 1024,
    "h": 576,
    "fl_x": 929.9511466186829,
    "fl_y": 949.506547416426,
    "cx": 526.5530875604373,
    "cy": 277.81473118685295,
    "k1": 0.041863669175747076,
    "k2": -0.07656925020999511,
    "p1": -0.004639323822133546,
    "p2": -0.002912802496656997,
    "camera_model": "OPENCV",
    "frames": [
        {
            "file_path": "images/frame_00264.png",
            "transform_matrix": [
                [
                    0.9988350483631556,
                    0.00880944923543706,
                    0.04744406986695873,
                    -0.0894462050743839
                ],
                [
                    0.0482302895225034,
                    -0.15078601697870905,
                    -0.9873891918875108,
                    -0.4228845323862956
                ],
                [
                    -0.0015444526370539495,
                    0.9885271724580283,
                    -0.1510352408485754,
                    1.1978906794128803
                ],
                [
                    0.0,
                    0.0,
                    0.0,
                    1.0
                ]
            ],
            "colmap_im_id": 264
        },
        {
            "file_path": "images/frame_00263.png",
            "transform_matrix": [
                [
                    0.9988873429891322,
                    0.007607210355015071,
                    0.04654252213542361,
                    -0.05716449966132167
                ],
                [
                    0.047157830342310386,
                    -0.15141425621760402,
                    -0.9873448546741282,
                    -0.42454471327663296
                ],
                [
                    -0.00046373863082133814,
                    0.9884411228619964,
                    -0.15160452361917826,
                    1.2054755627760798
                ],
                [
                    0.0,
                    0.0,
                    0.0,
                    1.0
                ]
            ],
            "colmap_im_id": 263
        },
        {
            "file_path": "images/frame_00262.png",
            "transform_matrix": [
                [
                    0.9989411808655292,
                    0.006319963389212842,
                    0.04556945505205508,
                    -0.027572975477314205
                ],
                [
                    0.04600040980038841,
                    -0.15212116964693292,
                    -0.9872907940639603,
                    -0.43259509651518935
                ],
                [
                    0.0006924371297008498,
                    0.9883416452866934,
                    -0.15225082174757987,
                    1.2158051731219692
                ],
                [
                    0.0,
                    0.0,
                    0.0,
                    1.0
                ]
            ],
            "colmap_im_id": 262
        },
        {
            "file_path": "images/frame_00261.png",
            "transform_matrix": [
                [
                    0.998982315907502,
                    0.005088138007293271,
                    0.0448156597151332,
                    0.0037813273995279126
                ],
                [
                    0.04506646291437909,
                    -0.15290192841378966,
                    -0.9872132567017784,
                    -0.4413782961976824
                ],
                [
                    0.0018293235008519666,
                    0.9882282687410654,
                    -0.1529756269363396,
                    1.2242886377861653
                ],
                [
                    0.0,
                    0.0,
                    0.0,
                    1.0
                ]
            ],
            "colmap_im_id": 261
        },
        {
            "file_path": "images/frame_00260.png",
            "transform_matrix": [
                [
                    0.999021196795241,
                    0.0037771506414948962,
                    0.04407245723618973,
                    0.034573880605737926
                ],
                [
                    0.044130012003913456,
                    -0.15339042754537047,
                    -0.9871797803733539,
                    -0.44337917832699725
                ],
                [
                    0.0030315663177261946,
                    0.9881584437075259,
                    -0.15340697420645943,
                    1.2314835522926744
                ],
                [
                    0.0,
                    0.0,
                    0.0,
                    1.0
                ]
            ],
            "colmap_im_id": 260
        },
        {
            "file_path": "images/frame_00259.png",
            "transform_matrix": [
                [
                    0.9990639116781823,
                    0.0024944946735765286,
                    0.04318654742639681,
                    0.0670761988437063
                ],
                [
                    0.04305603801336584,
                    -0.15382408730622832,
                    -0.9871597275795835,
                    -0.4453119911911414
                ],
                [
                    0.004180666559356108,
                    0.9880951005144846,
                    -0.1537874974319764,
                    1.24912858012352
                ],
                [
                    0.0,
                    0.0,
                    0.0,
                    1.0
                ]
            ],
            "colmap_im_id": 259
        },
        {
            "file_path": "images/frame_00258.png",
            "transform_matrix": [
                [
                    0.9991031362687243,
                    0.0012152438482247252,
                    0.042325480273570366,
                    0.10422723732022514
                ],
                [
                    0.04200560833076893,
                    -0.15436636219641126,
                    -0.9871203346558153,
                    -0.45194507790433974
                ],
                [
                    0.005334038503899011,
                    0.9880129297760407,
                    -0.1542789636619432,
                    1.2686013218287568
                ],
                [
                    0.0,
                    0.0,
                    0.0,
                    1.0
                ]
            ],
            "colmap_im_id": 258
        },
        {
            "file_path": "images/frame_00127.png",
            "transform_matrix": [
                [
                    0.9881113503346232,
                    0.010977951773525202,
                    0.1533474613899618,
                    -1.0019581560618744
                ],
                [
                    0.14888624258690708,
                    -0.3169812884819711,
                    -0.9366727013854211,
                    1.3620155267297036
                ],
                [
                    0.03832552815344267,
                    0.9483682551241198,
                    -0.31484727498358966,
                    -3.175295775968827
                ],
                [
                    0.0,
                    0.0,
                    0.0,
                    1.0
                ]
            ],
            "colmap_im_id": 127
        },
        {
            "file_path": "images/frame_00126.png",
            "transform_matrix": [
                [
                    0.9881446788151123,
                    0.011681446495282535,
                    0.15308049365336066,
                    -1.1276374277617744
                ],
                [
                    0.14889570358366025,
                    -0.3159418251618276,
                    -0.9370223223422908,
                    1.3008387166915896
                ],
                [
                    0.03741875443818948,
                    0.9487066495609647,
                    -0.31393555054358446,
                    -3.1105413933297745
                ],
                [
                    0.0,
                    0.0,
                    0.0,
                    1.0
                ]
            ],
            "colmap_im_id": 126
        },
        {
            "file_path": "images/frame_00125.png",
            "transform_matrix": [
                [
                    0.9881909169017485,
                    0.012430942080622915,
                    0.15272257014557425,
                    -1.2493799913096246
                ],
                [
                    0.14880599837932515,
                    -0.31556651649206324,
                    -0.9371630319829077,
                    1.2399473468014122
                ],
                [
                    0.036544310079873146,
                    0.9488220303871812,
                    -0.3136897640228853,
                    -3.0459265168764063
                ],
                [
                    0.0,
                    0.0,
                    0.0,
                    1.0
                ]
            ],
            "colmap_im_id": 125
        },
        {
            "file_path": "images/frame_00124.png",
            "transform_matrix": [
                [
                    0.988232589435552,
                    0.01314063942073785,
                    0.1523931519889188,
                    -1.3646862343566006
                ],
                [
                    0.14876626196017273,
                    -0.3142333053121455,
                    -0.9376172082118595,
                    1.1582612845781024
                ],
                [
                    0.035566114208623205,
                    0.949254841140259,
                    -0.3124904768019036,
                    -2.9569022264571667
                ],
                [
                    0.0,
                    0.0,
                    0.0,
                    1.0
                ]
            ],
            "colmap_im_id": 124
        },
        {
            "file_path": "images/frame_00123.png",
            "transform_matrix": [
                [
                    0.9882469215094013,
                    0.013940096352544395,
                    0.1522290899955486,
                    -1.4751426172197193
                ],
                [
                    0.1488898580418119,
                    -0.3134260498915571,
                    -0.9378677526291563,
                    1.086983302429578
                ],
                [
                    0.034638595518296456,
                    0.949510286917976,
                    -0.3118178678932028,
                    -2.861673928229232
                ],
                [
                    0.0,
                    0.0,
                    0.0,
                    1.0
                ]
            ],
            "colmap_im_id": 123
        },
        {
            "file_path": "images/frame_00122.png",
            "transform_matrix": [
                [
                    0.9882781710861149,
                    0.01462264194106622,
                    0.15196195213719463,
                    -1.5882900939049882
                ],
                [
                    0.14890486170231404,
                    -0.31185875348285425,
                    -0.9383876917551375,
                    1.01671561818586
                ],
                [
                    0.03366895775188769,
                    0.9500159452444911,
                    -0.31038058100518773,
                    -2.7636634054295657
                ],
                [
                    0.0,
                    0.0,
                    0.0,
                    1.0
                ]
            ],
            "colmap_im_id": 122
        },
        {
            "file_path": "images/frame_00121.png",
            "transform_matrix": [
                [
                    0.9883055383608713,
                    0.015534483458779025,
                    0.1516932518897825,
                    -1.6954825791374448
                ],
                [
                    0.1489688374426194,
                    -0.31080592213551683,
                    -0.9387267782675028,
                    0.9566172889441995
                ],
                [
                    0.03256452542602964,
                    0.9503464413513422,
                    -0.3094853681430149,
                    -2.6605787638751566
                ],
                [
                    0.0,
                    0.0,
                    0.0,
                    1.0
                ]
            ],
            "colmap_im_id": 121
        },
        {
            "file_path": "images/frame_00120.png",
            "transform_matrix": [
                [
                    0.9883307449017257,
                    0.016026522992739847,
                    0.15147768562650937,
                    -1.8025266273070277
                ],
                [
                    0.14901789823086686,
                    -0.30776794867851404,
                    -0.9397194026799033,
                    0.893664119256405
                ],
                [
                    0.03155954196206639,
                    0.9513264635901719,
                    -0.3065647647466385,
                    -2.5186559071554995
                ],
                [
                    0.0,
                    0.0,
                    0.0,
                    1.0
                ]
            ],
            "colmap_im_id": 120
        },
        {
            "file_path": "images/frame_00119.png",
            "transform_matrix": [
                [
                    0.9883008273863453,
                    0.017496515192967906,
                    0.15151021927106872,
                    -1.898579346082956
                ],
                [
                    0.14934469019370727,
                    -0.31257844878651375,
                    -0.9380782893048758,
                    0.8571971070093333
                ],
                [
                    0.030945728274039123,
                    0.9497307962313948,
                    -0.3115345511998152,
                    -2.520889020848971
                ],
                [
                    0.0,
                    0.0,
                    0.0,
                    1.0
                ]
            ],
            "colmap_im_id": 119
        },
        {
            "file_path": "images/frame_00118.png",
            "transform_matrix": [
                [
                    0.9883306129143091,
                    0.01791695833307567,
                    0.1512665930749981,
                    -2.0049674340918497
                ],
                [
                    0.1493534118287189,
                    -0.30914782800934465,
                    -0.9392130635868657,
                    0.7848991683318053
                ],
                [
                    0.02993589737334282,
                    0.9508452045633903,
                    -0.30821622119424086,
                    -2.3951988485723015
                ],
                [
                    0.0,
                    0.0,
                    0.0,
                    1.0
                ]
            ],
            "colmap_im_id": 118
        },
        {
            "file_path": "images/frame_00117.png",
            "transform_matrix": [
                [
                    0.9883477408489107,
                    0.01873925741146877,
                    0.15105490190828325,
                    -2.1037605909097308
                ],
                [
                    0.14943508702559985,
                    -0.30818151524551035,
                    -0.9395175934630667,
                    0.7236885775843805
                ],
                [
                    0.028946466528848584,
                    0.9511429933993353,
                    -0.3073908069263723,
                    -2.3127493475526504
                ],
                [
                    0.0,
                    0.0,
                    0.0,
                    1.0
                ]
            ],
            "colmap_im_id": 117
        },
        {
            "file_path": "images/frame_00116.png",
            "transform_matrix": [
                [
                    0.9883741266384108,
                    0.019530160153178194,
                    0.1507818246213715,
                    -2.205665051509624
                ],
                [
                    0.14942213039668348,
                    -0.30805966572821736,
                    -0.9395596145530817,
                    0.6665107837088095
                ],
                [
                    0.02810004874507033,
                    0.9511665549186483,
                    -0.3073964412037239,
                    -2.2420422246165534
                ],
                [
                    0.0,
                    0.0,
                    0.0,
                    1.0
                ]
            ],
            "colmap_im_id": 116
        },
        {
            "file_path": "images/frame_00115.png",
            "transform_matrix": [
                [
                    0.9884075605888669,
                    0.02024992156038696,
                    0.15046738798677892,
                    -2.313093631659432
                ],
                [
                    0.1493720376813087,
                    -0.30709453167457157,
                    -0.9398834730829717,
                    0.6051096417030112
                ],
                [
                    0.027175145440261693,
                    0.9514635512159012,
                    -0.3065593289690055,
                    -2.1761287778438314
                ],
                [
                    0.0,
                    0.0,
                    0.0,
                    1.0
                ]
            ],
            "colmap_im_id": 115
        },
        {
            "file_path": "images/frame_00114.png",
            "transform_matrix": [
                [
                    0.9884164364410692,
                    0.021102369268974727,
                    0.15029184337273208,
                    -2.418037083941806
                ],
                [
                    0.14948953298520443,
                    -0.3062539665983625,
                    -0.9401390256077207,
                    0.5477476349492898
                ],
                [
                    0.02618831229773081,
                    0.9517159229276376,
                    -0.30586103763799605,
                    -2.1179482241066174
                ],
                [
                    0.0,
                    0.0,
                    0.0,
                    1.0
                ]
            ],
            "colmap_im_id": 114
        },
        {
            "file_path": "images/frame_00113.png",
            "transform_matrix": [
                [
                    0.9884570999346475,
                    0.021909003870396834,
                    0.14990849588396749,
                    -2.5223541641320177
                ],
                [
                    0.14939693024614825,
                    -0.30529628928783475,
                    -0.9404651684034376,
                    0.4896646287487419
                ],
                [
                    0.025161852511571603,
                    0.9520053420524938,
                    -0.3050454226532505,
                    -2.0577735669609853
                ],
                [
                    0.0,
                    0.0,
                    0.0,
                    1.0
                ]
            ],
            "colmap_im_id": 113
        },
        {
            "file_path": "images/frame_00112.png",
            "transform_matrix": [
                [
                    0.9884709059331245,
                    0.022752254331493672,
                    0.14969169331189805,
                    -2.625895749578739
                ],
                [
                    0.14947226521493856,
                    -0.3043344222086221,
                    -0.9407649022951797,
                    0.43721447481199976
                ],
                [
                    0.024151812670344035,
                    0.9522934917249929,
                    -0.3042265530208653,
                    -2.002046007135621
                ],
                [
                    0.0,
                    0.0,
                    0.0,
                    1.0
                ]
            ],
            "colmap_im_id": 112
        },
        {
            "file_path": "images/frame_00111.png",
            "transform_matrix": [
                [
                    0.9885030916436698,
                    0.02369021904517852,
                    0.1493332224673996,
                    -2.730448172396204
                ],
                [
                    0.1494318859261658,
                    -0.30369442472299735,
                    -0.940978112317559,
                    0.38905655624877017
                ],
                [
                    0.023059689491746752,
                    0.9524749182596669,
                    -0.3037429518635537,
                    -1.9450367256978267
                ],
                [
                    0.0,
                    0.0,
                    0.0,
                    1.0
                ]
            ],
            "colmap_im_id": 111
        },
        {
            "file_path": "images/frame_00110.png",
            "transform_matrix": [
                [
                    0.9885018605897447,
                    0.02451375163035516,
                    0.14920840322052392,
                    -2.822422622256335
                ],
                [
                    0.14958698472443702,
                    -0.3026687527141555,
                    -0.9412838892340124,
                    0.34578362104833693
                ],
                [
                    0.022086321822889433,
                    0.9527805109842784,
                    -0.3028555633909885,
                    -1.8911800194285047
                ],
                [
                    0.0,
                    0.0,
                    0.0,
                    1.0
                ]
            ],
            "colmap_im_id": 110
        },
        {
            "file_path": "images/frame_00109.png",
            "transform_matrix": [
                [
                    0.9885343895198359,
                    0.025500578389436042,
                    0.1488270178376556,
                    -2.9069491768454863
                ],
                [
                    0.14955004910128405,
                    -0.3014194761846283,
                    -0.9416905448130971,
                    0.29554112431100377
                ],
                [
                    0.020845708202149364,
                    0.9531505756586358,
                    -0.30177713062981154,
                    -1.8178539167296415
                ],
                [
                    0.0,
                    0.0,
                    0.0,
                    1.0
                ]
            ],
            "colmap_im_id": 109
        },
        {
            "file_path": "images/frame_00108.png",
            "transform_matrix": [
                [
                    0.9885461650724875,
                    0.026280234436409675,
                    0.14861301692128454,
                    -2.9850266943405326
                ],
                [
                    0.14959634901309227,
                    -0.3007060961394163,
                    -0.9419112357895223,
                    0.24763982648136518
                ],
                [
                    0.019935192059063495,
                    0.9533547047256647,
                    -0.30119328527543365,
                    -1.7537504387394536
                ],
                [
                    0.0,
                    0.0,
                    0.0,
                    1.0
                ]
            ],
            "colmap_im_id": 108
        },
        {
            "file_path": "images/frame_00107.png",
            "transform_matrix": [
                [
                    0.9886027904867993,
                    0.027154890247833293,
                    0.14807813672970654,
                    -3.062789603969901
                ],
                [
                    0.1493691008404617,
                    -0.29974434558805957,
                    -0.9422537869396429,
                    0.19036159147998516
                ],
                [
                    0.018798786019993817,
                    0.953633021252732,
                    -0.30038419802073557,
                    -1.6932151897802248
                ],
                [
                    0.0,
                    0.0,
                    0.0,
                    1.0
                ]
            ],
            "colmap_im_id": 107
        },
        {
            "file_path": "images/frame_00106.png",
            "transform_matrix": [
                [
                    0.9886363065338998,
                    0.02790696125289844,
                    0.14771409857098294,
                    -3.1391691110959137
                ],
                [
                    0.14927144308981366,
                    -0.2984921408714317,
                    -0.9426666845263355,
                    0.1287042847270277
                ],
                [
                    0.01778453487987173,
                    0.9540040059410747,
                    -0.29926588005900046,
                    -1.6170831920711284
                ],
                [
                    0.0,
                    0.0,
                    0.0,
                    1.0
                ]
            ],
            "colmap_im_id": 106
        },
        {
            "file_path": "images/frame_00105.png",
            "transform_matrix": [
                [
                    0.9886428038189737,
                    0.028853077458403584,
                    0.14748866525308849,
                    -3.204585510459888
                ],
                [
                    0.14936013025390094,
                    -0.29731897277063124,
                    -0.9430233188639369,
                    0.07645966868825152
                ],
                [
                    0.01664205358409777,
                    0.9543421442814919,
                    -0.2982517622759469,
                    -1.5360918071630907
                ],
                [
                    0.0,
                    0.0,
                    0.0,
                    1.0
                ]
            ],
            "colmap_im_id": 105
        },
        {
            "file_path": "images/frame_00104.png",
            "transform_matrix": [
                [
                    0.9887089058772411,
                    0.02965736155448758,
                    0.14688478595366872,
                    -3.2710596669188234
                ],
                [
                    0.14904113719901244,
                    -0.29626754553495865,
                    -0.9434046220393011,
                    0.022822219375977705
                ],
                [
                    0.015538303042926957,
                    0.9546444271917779,
                    -0.2973425276852078,
                    -1.4557237724008496
                ],
                [
                    0.0,
                    0.0,
                    0.0,
                    1.0
                ]
            ],
            "colmap_im_id": 104
        },
        {
            "file_path": "images/frame_00103.png",
            "transform_matrix": [
                [
                    0.9887416212144359,
                    0.03049907469164518,
                    0.14649168208878854,
                    -3.3301998305585307
                ],
                [
                    0.14893313401806949,
                    -0.29515957522584263,
                    -0.9437689053704068,
                    -0.031921259419587754
                ],
                [
                    0.014454344322901765,
                    0.9549610628687715,
                    -0.2963788797042418,
                    -1.372791632493185
                ],
                [
                    0.0,
                    0.0,
                    0.0,
                    1.0
                ]
            ],
            "colmap_im_id": 103
        },
        {
            "file_path": "images/frame_00102.png",
            "transform_matrix": [
                [
                    0.9888014797134185,
                    0.03126076040667786,
                    0.14592600376680773,
                    -3.38350586056695
                ],
                [
                    0.14863825648000722,
                    -0.29378443958572287,
                    -0.9442443390181834,
                    -0.092422434956254
                ],
                [
                    0.013352993190206363,
                    0.9553603864071919,
                    -0.295141033502228,
                    -1.2909295408674226
                ],
                [
                    0.0,
                    0.0,
                    0.0,
                    1.0
                ]
            ],
            "colmap_im_id": 102
        },
        {
            "file_path": "images/frame_00101.png",
            "transform_matrix": [
                [
                    0.9888884228856402,
                    0.031877405242882954,
                    0.1452016464015901,
                    -3.4356113375078734
                ],
                [
                    0.14814870408488864,
                    -0.2922311146061121,
                    -0.9448031208320796,
                    -0.14850878369831416
                ],
                [
                    0.012314567013074549,
                    0.955816303842454,
                    -0.2937065623172729,
                    -1.2048166169539014
                ],
                [
                    0.0,
                    0.0,
                    0.0,
                    1.0
                ]
            ],
            "colmap_im_id": 101
        },
        {
            "file_path": "images/frame_00100.png",
            "transform_matrix": [
                [
                    0.9889863938244678,
                    0.03251530099224082,
                    0.1443906784784206,
                    -3.487203976419162
                ],
                [
                    0.147578390811108,
                    -0.2907845911605566,
                    -0.9453385320133693,
                    -0.20259049293494932
                ],
                [
                    0.011248617500765112,
                    0.9562358896971875,
                    -0.29238055998877477,
                    -1.1229251760913055
                ],
                [
                    0.0,
                    0.0,
                    0.0,
                    1.0
                ]
            ],
            "colmap_im_id": 100
        },
        {
            "file_path": "images/frame_00099.png",
            "transform_matrix": [
                [
                    0.9890884001163082,
                    0.032982945042594046,
                    0.14358364144873542,
                    -3.5328504638572804
                ],
                [
                    0.1469622568289756,
                    -0.28908113577370226,
                    -0.9459567601151335,
                    -0.24379639254927682
                ],
                [
                    0.010306882316976709,
                    0.9567362344325124,
                    -0.2907740461265421,
                    -1.0421615191983697
                ],
                [
                    0.0,
                    0.0,
                    0.0,
                    1.0
                ]
            ],
            "colmap_im_id": 99
        },
        {
            "file_path": "images/frame_00098.png",
            "transform_matrix": [
                [
                    0.9892084501678723,
                    0.033483774387569304,
                    0.14263757909204142,
                    -3.573029012373627
                ],
                [
                    0.1462211584094336,
                    -0.287240169405395,
                    -0.9466321661096052,
                    -0.29113735583880235
                ],
                [
                    0.009274424503943356,
                    0.957273169963894,
                    -0.28903643908233845,
                    -0.9561525572753502
                ],
                [
                    0.0,
                    0.0,
                    0.0,
                    1.0
                ]
            ],
            "colmap_im_id": 98
        },
        {
            "file_path": "images/frame_00097.png",
            "transform_matrix": [
                [
                    0.9894019069890811,
                    0.033723230283426164,
                    0.14123246859564828,
                    -3.6083384015764315
                ],
                [
                    0.1449650791031633,
                    -0.28505110217209056,
                    -0.9474866727247884,
                    -0.3403502192986349
                ],
                [
                    0.008306159580899433,
                    0.9579188968225482,
                    -0.2869187948240568,
                    -0.8601312754197439
                ],
                [
                    0.0,
                    0.0,
                    0.0,
                    1.0
                ]
            ],
            "colmap_im_id": 97
        },
        {
            "file_path": "images/frame_00096.png",
            "transform_matrix": [
                [
                    0.9895599901048276,
                    0.033873276259655194,
                    0.14008435722510337,
                    -3.6405755647732554
                ],
                [
                    0.14392392487339992,
                    -0.2831463664117928,
                    -0.9482162406523287,
                    -0.3766426497961636
                ],
                [
                    0.007545186065911567,
                    0.9584783442223594,
                    -0.28506549041228213,
                    -0.7768996800205039
                ],
                [
                    0.0,
                    0.0,
                    0.0,
                    1.0
                ]
            ],
            "colmap_im_id": 96
        },
        {
            "file_path": "images/frame_00095.png",
            "transform_matrix": [
                [
                    0.9897321616024713,
                    0.03384075251159892,
                    0.13887062957712973,
                    -3.6717329930675286
                ],
                [
                    0.14276822270467496,
                    -0.28089249635684244,
                    -0.9490609253763268,
                    -0.40778654105425094
                ],
                [
                    0.006890781918477014,
                    0.9591424341357596,
                    -0.28283972168824173,
                    -0.7022023844881189
                ],
                [
                    0.0,
                    0.0,
                    0.0,
                    1.0
                ]
            ],
            "colmap_im_id": 95
        },
        {
            "file_path": "images/frame_00094.png",
            "transform_matrix": [
                [
                    0.9899246214682567,
                    0.03371457283885349,
                    0.13752298494878065,
                    -3.7007505012169633
                ],
                [
                    0.1414577826178907,
                    -0.27827993293843767,
                    -0.9500263020888465,
                    -0.4386033323177189
                ],
                [
                    0.006240156068439409,
                    0.959908123990037,
                    -0.2802453459919882,
                    -0.630939161557523
                ],
                [
                    0.0,
                    0.0,
                    0.0,
                    1.0
                ]
            ],
            "colmap_im_id": 94
        },
        {
            "file_path": "images/frame_00093.png",
            "transform_matrix": [
                [
                    0.9901663365800297,
                    0.033341614287296435,
                    0.135863765075169,
                    -3.7309586327810584
                ],
                [
                    0.1397798883410577,
                    -0.27519412970005735,
                    -0.9511728411776639,
                    -0.4742982091269038
                ],
                [
                    0.005675272596536635,
                    0.9608103495151087,
                    -0.27714845037562413,
                    -0.5563098136112256
                ],
                [
                    0.0,
                    0.0,
                    0.0,
                    1.0
                ]
            ],
            "colmap_im_id": 93
        },
        {
            "file_path": "images/frame_00092.png",
            "transform_matrix": [
                [
                    0.9903788894686931,
                    0.03301252025090962,
                    0.13438686245850573,
                    -3.7541063503278376
                ],
                [
                    0.13828596317057967,
                    -0.2723270904712361,
                    -0.9522158096699803,
                    -0.4974817325260286
                ],
                [
                    0.005162139550916519,
                    0.9616382528280344,
                    -0.2742721695927284,
                    -0.48812049775353294
                ],
                [
                    0.0,
                    0.0,
                    0.0,
                    1.0
                ]
            ],
            "colmap_im_id": 92
        },
        {
            "file_path": "images/frame_00091.png",
            "transform_matrix": [
                [
                    0.9906250415912283,
                    0.0324212121410549,
                    0.13270603594291383,
                    -3.777365254948747
                ],
                [
                    0.13652469858419902,
                    -0.26908658159985,
                    -0.9533904857294312,
                    -0.5119167107329058
                ],
                [
                    0.004799338378448266,
                    0.9625701411358094,
                    -0.2709902023042847,
                    -0.4233598339624932
                ],
                [
                    0.0,
                    0.0,
                    0.0,
                    1.0
                ]
            ],
            "colmap_im_id": 91
        },
        {
            "file_path": "images/frame_00090.png",
            "transform_matrix": [
                [
                    0.990890470064204,
                    0.03175761184622268,
                    0.13087219118577373,
                    -3.8013907288171627
                ],
                [
                    0.1345977258762719,
                    -0.26543239139979846,
                    -0.954687958332313,
                    -0.5201694949358567
                ],
                [
                    0.004419109059191137,
                    0.9636062991105907,
                    -0.267288929418175,
